Iterations :  0 1 2 3 4 5 6 7 8 9 10 11 12 13 14 15 16 17 18 19 20 21 22 23 24 

Cluster-ID   Tweet-IDs contained in the cluster(comma separated) 
0      323955716392112128 , 323906398176030720 , 323932094190439874 , 323910330315075584 , 323910330457669633 , 323906567294562306 , 323963901769297921 , 324226045052071936 , 323907258301939713 , 
1      323906657333682176 , 323906653651079168 , 323906651209994241 , 323906650987692034 , 
2      324210976629067776 , 324354128398432734 , 324373063433847463 , 325059948511899648 , 325059996704452608 , 324334932112843721 , 325063081929629696 , 325060608246562816 , 324326985423982395 , 324368024561909760 , 324348252763873283 , 324337983412847463 , 325061078994284544 , 324346553835868161 , 324310958418232934 , 325063478140346370 , 324038827578626048 , 324067437886713856 , 324326736198238763 , 324351038741901865 , 325059351209443329 , 325059374814994434 , 324382984012350293 , 325059598488829953 , 
3      323906399295926273 , 323907771256938496 , 323906397962121216 , 323906398230544385 , 323906398993932289 , 323907087551836160 , 323906397735641088 , 323906398826164225 , 323906399300100096 , 323908455545049088 , 323906397609791488 , 323906399149109248 , 323906397853073410 , 323906397618196483 , 323906398012461057 , 323908795396943872 , 323908795254312962 , 323906656318676993 , 323906398314438656 , 323906398352195585 , 
4      324380629779247106 , 324418112688623616 , 324372750330363904 , 324458862537228289 , 324470253339959298 , 
5      324160230760005632 , 325409910886117377 , 325410254697414658 , 324327405743382529 , 324448359932887040 , 324452781371060224 , 325350010961141760 , 325171606253080577 , 324437436077854721 , 324408861563944960 , 325342218942554112 , 325253327048822784 , 325176378595102720 , 323918009901150208 , 324785120085176320 , 324785122073251840 , 324785129241341952 , 324785131569168384 , 325163043233337344 , 324448711860158464 , 325409910869327872 , 325253670780416000 , 323925432548335616 , 325060138891350016 , 325060145082163200 , 325060154087309312 , 325253669408874496 , 324446653635522560 , 324787508997144576 , 325586012854185985 , 324451075501457408 , 325253327640223744 , 323921167381577728 , 325409910588317696 , 325409910714138625 , 325409927193567232 , 324440178842296321 , 323916814490939393 , 323927822072684544 , 325060324992643072 , 325254353877352448 , 325409996290527232 , 325409996726743041 , 325335253487063041 , 324408472441585664 , 323944113764438016 , 324799030859280384 , 324438127102013440 , 323922279182520320 , 325409996764479488 , 323930212121317377 , 324422817565257728 , 325337623910559745 , 325337627857387521 , 325337640322871296 , 324452116863258624 , 323932515599515649 , 324427314060484608 , 325170591164403712 , 325253670746849280 , 325409910827401217 , 325410327183364096 , 325410327036571649 , 325173634563964929 , 323950257832603648 , 324409861041438720 , 324409871061618689 , 325172960413503489 , 324427596253253633 , 325060826346184707 , 324423146381901825 , 324423157106749441 , 324423160525103105 , 323906398423490561 , 323913403460636673 , 323917413789868034 , 325166486215856129 , 323906484629032960 , 325170934115864576 , 323928504523694080 , 323919716039155712 , 324445289912074240 , 324445292130877440 , 324229792834674689 , 325175391654408192 , 323924155391164416 , 324425542629732352 , 325171288526163968 , 324132606608306176 , 323924496144797697 , 323906482489921537 , 324439832715747328 , 323911097818173440 , 324423494098120705 , 324423506957852672 , 324427930631544832 , 325409996965810176 , 325409910642835456 , 325178436660375552 , 323913403951357953 , 324432383115935744 , 324320247018573824 , 323915624835342337 , 324790912431583232 , 323946504752603136 , 324439166496690176 , 324327410344542208 , 325329802032721920 , 324448013999304704 , 324423829088784384 , 323924665074581504 , 324428255794978816 , 325338650076405761 , 325410327296614400 , 323909308188344320 , 325410327200145409 , 323913746231750656 , 324441529030701057 , 324441544377634816 , 325409992121389058 , 323933624816787456 , 323929272685318147 , 325162944931438592 , 325409996529602560 , 325165164561330176 , 
6      324419757661097984 , 324358798179459073 , 324376801382133761 , 324366333829586945 , 324375472681148416 , 324219503401644033 , 
7      325947340777222145 , 325947343281205248 , 325946283368013824 , 325946633986641920 , 325947086145212416 , 325946918842818560 , 325946659739668480 , 325947301745029121 , 325917940564250624 , 325927476566032385 , 
8      325702375430057984 , 325702115865538560 , 325701932083716096 , 325701941478973440 , 324460055724433408 , 325702955896553472 , 325702377279729664 , 325702271591665664 , 324070589214117888 , 325702273684627456 , 325702285621612545 , 325702287978795009 , 324534627039588355 , 324125626284007424 , 325702363174285312 , 324002623571255296 , 325702950859198464 , 325702269288992768 , 325702632603803648 , 325702635405574145 , 325702626169729024 , 325702711729348608 , 325702890297643008 , 324154782782742529 , 325702294287048705 , 325702936036524032 , 325702958786441216 , 325702956185948160 , 325702294928764929 , 324117950774775809 , 324179340675915779 , 324227779530985472 , 326228987233841152 , 325702633174204416 , 324117952695771137 , 325702031912349696 , 325701934273134594 , 324188481918230528 , 324138055772561408 , 
9      323925264352546816 , 323923559799996417 , 323915000567697409 , 323906485249789952 , 323921510282702848 , 323920146454425600 , 323911610236293120 , 323906483584655360 , 323916051614138368 , 
SSE:  2236.73895475  k =  10
